37.2485367 -80.4122650 659.9
37.2485367 -80.4122650 659.9
37.2485350 -80.4122633 659.9
37.2485350 -80.4122617 659.9
37.2485350 -80.4122600 659.9
37.2485350 -80.4122567 659.9
37.2485333 -80.4122550 659.9
37.2485333 -80.4122550 659.9
37.2485317 -80.4122533 659.9
37.2485317 -80.4122517 659.9
37.2485300 -80.4122517 659.9
37.2485283 -80.4122500 659.9
37.2485283 -80.4122483 659.9
37.2485283 -80.4122483 659.9
37.2485283 -80.4122483 659.9
37.2485283 -80.4122483 659.9
37.2485283 -80.4122483 659.9
37.2485283 -80.4122483 659.9
37.2499750 -80.4111667 182.9
37.2499783 -80.4111600 182.9
37.2499800 -80.4111583 182.8
37.2499800 -80.4111583 182.8
37.2499833 -80.4111517 182.8
37.2499867 -80.4111433 182.8
37.2499883 -80.4111400 182.8
37.2499917 -80.4111400 182.8
37.2499950 -80.4111367 182.8
37.2499967 -80.4111333 182.8
37.2500017 -80.4111283 182.8
37.2500017 -80.4111267 182.8
37.2500033 -80.4111267 182.8
37.2500050 -80.4111283 182.8
37.2500067 -80.4111250 182.8
37.2500050 -80.4111250 182.8
37.2500050 -80.4111233 182.8
37.2500050 -80.4111217 182.8
37.2500033 -80.4111217 182.8
37.2500033 -80.4111183 182.8
37.2500033 -80.4111183 182.8
37.2500017 -80.4111167 182.8
37.2500017 -80.4111133 182.8
37.2500017 -80.4111150 182.8
37.2500000 -80.4111133 182.8
37.2499983 -80.4111133 182.8
37.2499983 -80.4111133 182.8
37.2500033 -80.4111183 182.8
37.2500050 -80.4111217 182.8
37.2500083 -80.4111200 182.8
37.2500117 -80.4111200 182.8
37.2500083 -80.4111183 182.8
37.2500083 -80.4111183 182.8
37.2500050 -80.4111117 182.8
37.2500033 -80.4111083 182.8
37.2500033 -80.4111067 182.8
37.2500017 -80.4111067 182.8
37.2500017 -80.4111050 182.8
37.2500017 -80.4111050 182.8
37.2499967 -80.4111083 182.8
37.2499950 -80.4111067 182.8
37.2499933 -80.4111100 182.8
37.2499917 -80.4111117 182.8
37.2499917 -80.4111150 182.8
37.2499917 -80.4111150 182.8
37.2499683 -80.4111400 185.7
37.2499633 -80.4111533 185.8
37.2499617 -80.4111617 185.9
37.2499600 -80.4111767 186.0
37.2499583 -80.4111883 186.1
37.2499567 -80.4111983 186.2
37.2499533 -80.4112083 186.3
37.2499517 -80.4112167 186.4
37.2499483 -80.4112283 186.5
37.2499433 -80.4112350 186.6
37.2499383 -80.4112400 186.6
37.2499350 -80.4112450 186.7
37.2499333 -80.4112500 186.8
37.2499317 -80.4112567 186.9
37.2499317 -80.4112633 187.0
37.2499350 -80.4112650 187.0
37.2499333 -80.4112733 187.1
37.2499333 -80.4112800 187.2
37.2499333 -80.4112867 187.3
37.2499350 -80.4112933 187.4
37.2499350 -80.4113000 187.5
37.2499333 -80.4113050 187.6
37.2499300 -80.4113133 187.7
37.2499283 -80.4113200 187.8
37.2499267 -80.4113267 187.9
37.2499250 -80.4113300 188.0
37.2499200 -80.4113300 188.1
37.2499167 -80.4113333 188.2
37.2499183 -80.4113383 188.3
37.2499183 -80.4113383 188.3
37.2499133 -80.4113483 188.5
37.2499100 -80.4113500 188.6
37.2499083 -80.4113483 188.7
37.2499050 -80.4113517 188.9
37.2499033 -80.4113550 189.0
37.2498933 -80.4113683 189.3
37.2498717 -80.4113900 189.8
37.2498600 -80.4113950 190.1
37.2498517 -80.4114033 190.4
37.2498400 -80.4114317 190.9
37.2498283 -80.4114450 191.2
37.2498117 -80.4114733 191.9
37.2498050 -80.4114650 192.0
37.2497983 -80.4114583 192.1
37.2497917 -80.4114617 192.4
37.2497817 -80.4114633 192.6
37.2497733 -80.4114733 192.9
37.2497617 -80.4114783 193.1
37.2497450 -80.4114983 193
37.2497350 -80.4115067 193.8
37.2497200 -80.4115250 194.2
37.2497067 -80.4115417 194.6
37.2496933 -80.4115600 195.0
37.2496900 -80.4115750 195.3
37.2496800 -80.4115867 195.7
37.2496717 -80.4115967 196.0
37.2496633 -80.4115950 196.2
37.2496600 -80.4116017 196.5
37.2496500 -80.4116133 196.9
37.2496483 -80.4116117 197.1
37.2496417 -80.4116017 197.3
37.2496317 -80.4115967 197.6
37.2496217 -80.4115967 197.9
37.2496183 -80.4115933 198.1
37.2496150 -80.4115967 198.3
37.2496117 -80.4115950 198.5
37.2496000 -80.4115950 198.8
37.2495883 -80.4115950 199.2
37.2495750 -80.4115950 199.5
37.2495600 -80.4115950 199.9
37.2495550 -80.4115917 200.0
37.2495517 -80.4115767 200.3
37.2495567 -80.4115733 200.5
37.2495583 -80.4115717 200.7
37.2495617 -80.4115683 200.9
37.2495600 -80.4115667 201.0
37.2495600 -80.4115617 201.3
37.2495550 -80.4115650 201.5
37.2495467 -80.4115567 201.8
37.2495383 -80.4115567 202.0
37.2495317 -80.4115617 202.2
37.2495250 -80.4115683 202.4
37.2495167 -80.4115717 202.6
37.2495100 -80.4115733 202.8
37.2495083 -80.4115717 203.0
37.2495033 -80.4115667 203.2
37.2495033 -80.4115683 203.3
37.2495033 -80.4115700 203.4
37.2495033 -80.4115683 203.6
37.2495017 -80.4115700 203.8
37.2495050 -80.4115583 203.9
37.2495050 -80.4115500 204.1
37.2495033 -80.4115417 204.2
37.2495017 -80.4115400 204.4
37.2495033 -80.4115383 204.5
37.2495067 -80.4115400 204.6
37.2495100 -80.4115450 204.7
37.2495033 -80.4115433 204.9
37.2495050 -80.4115450 205.0
37.2494983 -80.4115467 205.1
37.2494967 -80.4115500 205.2
37.2494950 -80.4115533 205.4
37.2494950 -80.4115550 205.5
37.2494983 -80.4115583 205.6
37.2494900 -80.4115700 205.8
37.2494900 -80.4115683 206.0
37.2495083 -80.4115950 206.4
37.2495233 -80.4116117 206.8
37.2495333 -80.4116300 207.1
37.2495417 -80.4116450 207.5
37.2495433 -80.4116517 207.9
37.2495533 -80.4116633 208.3
37.2495617 -80.4116700 208.6
37.2495833 -80.4116900 209.2
37.2495900 -80.4116967 209.5
37.2495967 -80.4116933 209.8
37.2496050 -80.4116900 210.0
37.2496117 -80.4116933 210.3
37.2496233 -80.4117050 210.3
37.2496317 -80.4117133 210.5
37.2496300 -80.4117117 210.5
37.2496283 -80.4117150 210.5
37.2496300 -80.4117150 210.6
37.2496367 -80.4117217 210.8
37.2496417 -80.4117350 211.0
37.2496417 -80.4117417 211.3
37.2496483 -80.4117550 211.7
37.2496450 -80.4117550 212.0
37.2496383 -80.4117483 212.2
37.2496383 -80.4117417 212.4
37.2496367 -80.4117300 212.5
37.2496367 -80.4117167 212.7
37.2496433 -80.4117083 212.9
37.2496417 -80.4117017 213.2
37.2496417 -80.4116983 213.5
37.2496367 -80.4117083 213.7
37.2496250 -80.4117217 213.8
37.2496133 -80.4117367 214.0
37.2496117 -80.4117383 214.2
37.2496017 -80.4117533 214.3
37.2495983 -80.4117450 214.5
37.2495967 -80.4117417 214.7
37.2495900 -80.4117467 214.9
37.2495883 -80.4117517 215.1
37.2495783 -80.4117650 215.2
37.2495767 -80.4117733 215.
37.2495817 -80.4117750 215.5
37.2495850 -80.4117883 215.6
37.2495933 -80.4117950 215.7
37.2496033 -80.4117983 215.8
37.2495983 -80.4117900 216.1
37.2495933 -80.4117850 216.3
37.2496000 -80.4117883 216.4
37.2496100 -80.4117950 216.5
37.2496117 -80.4117983 216.5
37.2496233 -80.4118067 216.7
37.2496283 -80.4118167 216.8
37.2496300 -80.4118283 217.0
37.2496333 -80.4118383 217.1
37.2496317 -80.4118300 218.1
37.2496267 -80.4118017 219.1
37.2496283 -80.4118050 219.1
37.2496383 -80.4117650 219.6
37.2496450 -80.4117583 219.7
37.2496500 -80.4117550 219.9
37.2496517 -80.4117500 220.1
37.2496517 -80.4117500 220.1
37.2496517 -80.4117517 220.1
37.2496517 -80.4117517 220.1
37.2496533 -80.4117517 220.1
37.2496533 -80.4117500 220.1
37.2496550 -80.4117500 220.1
37.2496550 -80.4117500 220.1
37.2496567 -80.4117500 220.1
37.2496567 -80.4117500 220.1
37.2496583 -80.4117500 220.1
37.2496600 -80.4117500 220.1
37.2496600 -80.4117483 220.1
37.2496617 -80.4117467 220.1
37.2496617 -80.4117450 220.1
37.2496617 -80.4117433 220.1
37.2496617 -80.4117417 220.1
37.2496617 -80.4117383 220.2
37.2496617 -80.4117367 220.2
37.2496600 -80.4117350 220.2
37.2496600 -80.4117333 220.2
37.2496583 -80.4117317 220.2
37.2496583 -80.4117300 220.2
37.2496567 -80.4117267 220.2
37.2496567 -80.4117250 220.2
37.2496550 -80.4117217 220.2
37.2492517 -80.4130883 239.2
37.2492067 -80.4131567 239.5
37.2491933 -80.4131950 239.7
37.2491867 -80.4132083 240.0
37.2491900 -80.4132200 240.2
37.2491900 -80.4132250 240.5
37.2491917 -80.4132267 240.5
37.2491933 -80.4132267 240.5
37.2491950 -80.4132300 240.5
37.2491967 -80.4132317 240.5
37.2491967 -80.4132317 240.5
37.2491967 -80.4132333 240.5
37.2491967 -80.4132333 240.5
37.2491950 -80.4132333 240.5
37.2491950 -80.4132333 240.5
37.2491950 -80.4132333 240.5
37.2491933 -80.4132350 240.5
37.2491917 -80.4132350 240.5
37.2491917 -80.4132367 24
37.2491900 -80.4132367 240.5
37.2491883 -80.4132383 240.5
37.2491883 -80.4132400 240.5
37.2491867 -80.4132417 240.5
37.2491850 -80.4132433 240.5
37.2491850 -80.4132433 240.6
37.2491833 -80.4132433 240.6
37.2491817 -80.4132450 240.6
37.2491817 -80.4132450 240.6
37.2491817 -80.4132467 240.6
37.2491800 -80.4132483 240.6
37.2491800 -80.4132500 240.6
37.2491783 -80.4132500 240.6
37.2491783 -80.4132517 240.6
37.2491783 -80.4132517 240.6
37.2491783 -80.4132517 240.6
37.2491783 -80.4132517 240.6
37.2491783 -80.4132517 240.6
37.2491783 -80.4132517 240.6
37.2491783 -80.4132517 240.6
37.2491783 -80.4132517 240.6
37.2491783 -80.4132517 240.6
37.2491783 -80.4132517 240.6
37.2491783 -80.4132517 240.6
37.2491783 -80.4132517 240.6
37.2491783 -80.4132517 240.6
37.2491783 -80.4132517 240.6
37.2491783 -80.4132517 240.6
37.2491783 -80.4132517 240.6
37.2491783 -80.4132517 240.6
37.2491783 -80.4132517 240.6
37.2491783 -80.4132517 240.6
37.2491783 -80.4132517 240.6
37.2491783 -80.4132517 240.6
37.2491783 -80.4132517 240.6
37.2491783 -80.4132517 240.6
37.2491783 -80.4132517 240.6
37.2491783 -80.4132517 240.6
37.2491783 -80.4132517 240.6
37.2491783 -80.4132517 240.6
37.2491783 -80.4132517 240.6
37.2491783 -80.4132517 240.6
37.2491783 -80.4132517 240.6
37.2491783 -80.4132517 240.6
37.2491783 -80.4132517 240.6
37.2491783 -80.4132517 240.6
37.2491783 -80.4132517 240.6
37.2491783 -80.4132517 240.6
37.2491783 -80.4132517 240.6
37.2491783 -80.4132517 240.6
37.2491783 -80.4132517 240.6
37.2491783 -80.4132517 240.6
37.2491783 -80.4132517 240.6
37.2491783 -80.4132517 240.6
37.2491783 -80.4132517 240.6
37.2491783 -80.4132517 240.6
37.2491783 -80.4132517 240.6
37.2491783 -80.4132517 240.6
37.2491783 -80.4132517 240.6
37.2491783 -80.4132517 240.6
37.2491783 -80.4132517 240.6
37.2491783 -80.4132517 240.6
37.2491783 -80.4132517 240.6
37.2491783 -80.4132517 240.6
37.2491783 -80.4132517 240.6
37.2491783 -80.4132517 240.6
37.2491783 -80.4132517 240.6
37.2491783 -80.4132517 240.6
37.2491783 -80.4132517 240.6
37.2491783 -80.4132517 240.6
37.2491783 -80.4132517 240.6
37.2491783 -80.4132517 240.6
37.2491783 -80.4132517 240.6
37.2491783 -80.4132517 240.6
37.2491783 -80.4132517 240.6
37.2491783 -80.4132517 240.6
37.2491783 -80.4132517 240.6
37.2491783 -80.4132517 240.6
37.2491783 -80.4132517 240.6
37.2491783 -80.4132517 240.6
37.2491783 -80.4132517 240.6
37.2491783 -80.4132517 240.6
37.2491783 -80.4132517 240.6
37.2491783 -80.4132517 240.6
37.2491783 -80.4132517 240.6
37.2491783 -80.4132517 240.6
37.2491783 -80.4132517 240.6
37.2491783 -80.4132517 240.6
37.2491783 -80.4132517 240.6
37.2491783 -80.4132517 240.6
37.2491783 -80.4132517 240.6
37.2491783 -80.4132517 240.6
37.2491783 -80.4132517 240.6
37.2491783 -80.4132517 240.6
37.2491783 -80.4132517 240.6
37.2491783 -80.4132517 240.6
